
Includes 10,000 solved 9x9 sudokus were
the numbers in the top line are 123|456|789

Example:
 Code:  123456789578139624496872153952381467641297835387564291719623548864915372235748916

 Sudoku: 123|456|789
         578|139|624
        _496|872|153_
         952|381|467
         641|297|835
        _387|564|291_
         719|623|548
         864|915|372
         235|748|916

-----------------
by http://www.kokolikoko.com/sudoku/
-----------------

123456789578139624496872153952381467641297835387564291719623548864915372235748916
123456789578913624469728351245361897816297435937845216351672948792184563684539172
123456789749813562856297134287369415465128397391574826538642971674981253912735648
123456789489237165765891324852379641634128597971645832596784213348512976217963458
123456789876139524549827361365798412481265937792314856957682143214573698638941275
123456789496738215758192346974215863231687594685349127567824931819563472342971658
123456789647982135958137426214675893576398241839241567395814672782563914461729358
123456789865397412947812365782145936634289571519763248358971624291634857476528193
123456789967318254854792163475283691389641572216975438731864925592137846648529317
123456789794381265586279134251638947937142856648795321862517493319864572475923618
123456789987132456456879312712584693398621547564793821279348165831265974645917238
123456789487329156569817234795231648618945327342768915236574891851693472974182563
123456789475398126896721435561283974249675318387149652652917843738564291914832567
123456789985173264764892531851234976237961458649587312478625193516349827392718645
123456789498732165756198243587621934342879516619345827274583691931267458865914372
123456789947138265586279341439765128251984637768321594615892473394617852872543916
123456789694783215785912364842639571936571428517824693361248957479165832258397146
123456789578932416946781253435268971619574832287319645764193528851627394392845167
123456789459817326876329145691734258345682971782591463234968517918275634567143892
123456789589137246647298315712864593936521478458973162264785931375619824891342657
123456789576983241498271356245398167731624598689517432312865974964732815857149623
123456789596782341784931256652193874941578632378624195835269417217345968469817523
123456789468719325975283641592147836841632957637895214786521493259364178314978562
123456789975183624486729351854632917761894532392571846247368195539217468618945273
123456789794138562586729143358261974472895631961374825239587416647912358815643297
123456789765389124849271356358762491914538672276194538581627943432915867697843215
123456789964378152587129364456832917831794526279561438312647895795283641648915273
123456789758139642469872135541798263637524918982613457316287594295341876874965321
123456789657918423849273156518392674762541398394867512971624835435789261286135947
123456789654879132879231564432567891718392456965148327291783645347625918586914273
123456789956187324784923165571832946462795831839641257245319678317568492698274513
123456789468971532795283164836547921514692873972318645657124398349865217281739456
